0 ~Train Wheel  9V Electrical Contact medal Subpart
0 Name: d2895s01.dat
0 Author: Thomas Burger
0 Official LCad update 99-01
0 Unofficial Datsville Subpart

0 BFC CERTIFY CW

0 // 2006-02-44 DS  refined detail, moved to subpart

1 16 0 0 3 6 0 0 0 0 6 0 1 0 4-4edge.dat
1 16 0 0 3 6 0 0 0 0 6 0 1 0 4-4ndis.dat
4 16 -2.68 -10 3 2.68 -10 3 6 -6 3 -6 -6 3
4 16 2.68 -10 3 7.321 -7.321 3 10 -2.68 3 6 -6 3
4 16 -10 2.68 3 -10 -2.68 3 -6 -6 3 -6 6 3
4 16 -10 -2.68 3 -7.321 -7.321 3 -2.68 -10 3 -6 -6 3
4 16 2.68 10 3 -2.68 10 3 -6 6 3 6 6 3
4 16 -2.68 10 3 -7.321 7.321 3 -10 2.68 3 -6 6 3
4 16 10 -2.68 3 10 2.68 3 6 6 3 6 -6 3
4 16 10 2.68 3 7.321 7.321 3 2.68 10 3 6 6 3
0 BFC INVERTNEXT
1 16 0 0 3 6 0 0 0 0 6 0 4 0 4-4cyli.dat
1 16 0 0 7 6 0 0 0 0 6 0 1 0 4-4edge.dat
1 16 0 0 7 2 0 0 0 0 2 0 -1 0 ring3.dat
1 16 0 0 7 2 0 0 0 0 2 0 -1 0 ring4.dat
1 16 0 0 7 10 0 0 0 0 10 0 1 0 4-4edge.dat
1 16 0 0 5 10 0 0 0 0 10 0 2 0 4-4cyli.dat
1 16 0 0 5 10 0 0 0 0 10 0 1 0 4-4edge.dat
1 16 0 0 5 29 0 0 0 0 29 0 1 0 4-4edge.dat
1 16 0 0 2.5 29 0 0 0 0 29 0 1 0 4-4edge.dat
1 16 0 0 -0.5 19 0 0 0 0 19 0 1 0 4-4edge.dat
1 16 0 0 0.5 19 0 0 0 0 19 0 1 0 4-4edge.dat
1 16 0 0 -0.5 20 0 0 0 0 20 0 1 0 4-4edge.dat
1 16 0 0 2.5 29 0 0 0 0 29 0 2.5 0 4-4cyli.dat
0 BFC INVERTNEXT
1 16 0 0 -0.5 19 0 0 0 0 19 0 1 0 4-4cyli.dat
1 16 0 0 -0.5 1 0 0 0 0 1 0 1 0 4-4rin19.dat
4 16 -29 0 2.5 -26.792 -11.098 2.5 -18.477 -7.654 -0.5 -20 0 -0.5
4 16 -26.792 -11.098 2.5 -20.506 -20.506 2.5 -14.142 -14.142 -0.5 -18.477 -7.654 -0.5
4 16 -20.506 -20.506 2.5 -11.098 -26.792 2.5 -7.654 -18.477 -0.5 -14.142 -14.142 -0.5
4 16 -11.098 -26.792 2.5 0 -29 2.5 0 -20 -0.5 -7.654 -18.477 -0.5
4 16 0 -29 2.5 11.098 -26.792 2.5 7.654 -18.477 -0.5 0 -20 -0.5
4 16 11.098 -26.792 2.5 20.506 -20.506 2.5 14.142 -14.142 -0.5 7.654 -18.477 -0.5
4 16 20.506 -20.506 2.5 26.792 -11.098 2.5 18.477 -7.654 -0.5 14.142 -14.142 -0.5
4 16 26.792 -11.098 2.5 29 0 2.5 20 0 -0.5 18.477 -7.654 -0.5
4 16 29 0 2.5 26.792 11.098 2.5 18.477 7.654 -0.5 20 0 -0.5
4 16 26.792 11.098 2.5 20.506 20.506 2.5 14.142 14.142 -0.5 18.477 7.654 -0.5
4 16 20.506 20.506 2.5 11.098 26.792 2.5 7.654 18.477 -0.5 14.142 14.142 -0.5
4 16 11.098 26.792 2.5 0 29 2.5 0 20 -0.5 7.654 18.477 -0.5
4 16 0 29 2.5 -11.098 26.792 2.5 -7.654 18.477 -0.5 0 20 -0.5
4 16 -11.098 26.792 2.5 -20.506 20.506 2.5 -14.142 14.142 -0.5 -7.654 18.477 -0.5
4 16 -20.506 20.506 2.5 -26.792 11.098 2.5 -18.477 7.654 -0.5 -14.142 14.142 -0.5
4 16 -26.792 11.098 2.5 -29 0 2.5 -20 0 -0.5 -18.477 7.654 -0.5
5 24 20 0 -0.5 29 0 2.5 26.792 -11.098 2.5 26.792 11.098 2.5
5 24 18.477 7.654 -0.5 26.792 11.098 2.5 29 0 2.5 20.506 20.506 2.5
5 24 14.142 14.142 -0.5 20.506 20.506 2.5 26.792 11.098 2.5 11.098 26.792 2.5
5 24 7.654 18.477 -0.5 11.098 26.792 2.5 20.506 20.506 2.5 0 29 2.5
5 24 0 20 -0.5 0 29 2.5 11.098 26.792 2.5 -11.098 26.792 2.5
5 24 -7.654 18.477 -0.5 -11.098 26.792 2.5 0 29 2.5 -20.506 20.506 2.5
5 24 -14.142 14.142 -0.5 -20.506 20.506 2.5 -11.098 26.792 2.5 -26.792 11.098 2.5
5 24 -18.477 7.654 -0.5 -26.792 11.098 2.5 -20.506 20.506 2.5 -29 0 2.5
5 24 -20 0 -0.5 -29 0 2.5 -26.792 11.098 2.5 -26.792 -11.098 2.5
5 24 -18.477 -7.654 -0.5 -26.792 -11.098 2.5 -29 0 2.5 -20.506 -20.506 2.5
5 24 -14.142 -14.142 -0.5 -20.506 -20.506 2.5 -26.792 -11.098 2.5 -11.098 -26.792 2.5
5 24 -7.654 -18.477 -0.5 -11.098 -26.792 2.5 -20.506 -20.506 2.5 0 -29 2.5
5 24 0 -20 -0.5 0 -29 2.5 -11.098 -26.792 2.5 11.098 -26.792 2.5
5 24 7.654 -18.477 -0.5 11.098 -26.792 2.5 0 -29 2.5 20.506 -20.506 2.5
5 24 14.142 -14.142 -0.5 20.506 -20.506 2.5 11.098 -26.792 2.5 26.792 -11.098 2.5
5 24 18.477 -7.654 -0.5 26.792 -11.098 2.5 20.506 -20.506 2.5 29 0 2.5
1 16 2.34 -10 4 0.34 0 0 0 2 0 0 0 1 rect2P.dat
1 16 1.5 -10 4.5 0 0 -0.5 0 1 0 0.5 0 0 rect3.dat
1 16 -1.5 -10 4.5 0 0 0.5 0 1 0 0.5 0 0 rect3.dat
1 16 -2.34 -10 4 0.34 0 0 0 2 0 0 0 1 rect2P.dat
1 16 -5 -8.66 4 2.321 1 0 -1.34 1.732 0 0 0 1 rect2P.dat
1 16 -7.491 -7.026 4 0.17 1.732 0 -0.294 1 0 0 0 1 rect2P.dat
1 16 -7.91 -6.299 4.5 0 0.866 -0.25 0 0.5 0.433 0.5 0 0 rect3.dat
1 16 -9.41 -3.701 4.5 0 0.866 0.25 0 0.5 -0.433 0.5 0 0 rect3.dat
1 16 -9.83 -2.974 4 0.17 1.732 0 -0.294 1 0 0 0 1 rect2P.dat
1 16 -10 0 4 0 2 0 -2.68 0 0 0 0 1 rect2P.dat
1 16 -9.83 2.974 4 -0.17 1.732 0 -0.294 -1 0 0 0 1 rect2P.dat
1 16 -9.41 3.701 4.5 0 0.866 0.25 0 -0.5 0.433 0.5 0 0 rect3.dat
1 16 -7.91 6.299 4.5 0 0.866 -0.25 0 -0.5 -0.433 0.5 0 0 rect3.dat
1 16 -7.491 7.026 4 -0.17 1.732 0 -0.294 -1 0 0 0 1 rect2P.dat
1 16 -5 8.66 4 -2.321 1 0 -1.34 -1.732 0 0 0 1 rect2P.dat
1 16 -2.339 10 4 -0.34 0 0 0 -2 0 0 0 1 rect2P.dat
1 16 -1.5 10 4.5 0 0 0.5 0 -1 0 0.5 0 0 rect3.dat
1 16 1.5 10 4.5 0 0 -0.5 0 -1 0 0.5 0 0 rect3.dat
1 16 2.339 10 4 -0.34 0 0 0 -2 0 0 0 1 rect2P.dat
1 16 5 8.66 4 -2.321 -1 0 1.34 -1.732 0 0 0 1 rect2P.dat
1 16 7.491 7.026 4 -0.17 -1.732 0 0.294 -1 0 0 0 1 rect2P.dat
1 16 7.91 6.299 4.5 0 -0.866 0.25 0 -0.5 -0.433 0.5 0 0 rect3.dat
1 16 9.41 3.701 4.5 0 -0.866 -0.25 0 -0.5 0.433 0.5 0 0 rect3.dat
1 16 9.83 2.974 4 -0.17 -1.732 0 0.294 -1 0 0 0 1 rect2P.dat
1 16 10 0 4 0 -2 0 2.68 0 0 0 0 1 rect2P.dat
1 16 9.83 -2.974 4 0.17 -1.732 0 0.294 1 0 0 0 1 rect2P.dat
1 16 9.41 -3.701 4.5 0 -0.866 -0.25 0 0.5 -0.433 0.5 0 0 rect3.dat
1 16 7.91 -6.299 4.5 0 -0.866 0.25 0 0.5 0.433 0.5 0 0 rect3.dat
1 16 7.491 -7.026 4 0.17 -1.732 0 0.294 1 0 0 0 1 rect2P.dat
1 16 5 -8.66 4 2.321 -1 0 1.34 1.732 0 0 0 1 rect2P.dat
4 16 2.68 -10 5 -2.68 -10 5 -2.536 -9.466 5 2.536 -9.466 5
4 16 -2.679 -10 5 -7.321 -7.32 5 -6.929 -6.93 5 -2.537 -9.466 5
4 16 -7.32 -7.321 5 -10 -2.679 5 -9.466 -2.537 5 -6.93 -6.929 5
4 16 -10 -2.68 5 -10 2.68 5 -9.466 2.536 5 -9.466 -2.536 5
4 16 -10 2.679 5 -7.32 7.321 5 -6.93 6.929 5 -9.466 2.537 5
4 16 -7.321 7.32 5 -2.679 10 5 -2.537 9.466 5 -6.929 6.93 5
4 16 -2.68 10 5 2.68 10 5 2.536 9.466 5 -2.536 9.466 5
4 16 2.679 10 5 7.321 7.32 5 6.929 6.93 5 2.537 9.466 5
4 16 7.32 7.321 5 10 2.679 5 9.466 2.537 5 6.93 6.929 5
4 16 10 2.68 5 10 -2.68 5 9.466 -2.536 5 9.466 2.536 5
4 16 10 -2.679 5 7.32 -7.321 5 6.93 -6.929 5 9.466 -2.537 5
4 16 7.321 -7.32 5 2.679 -10 5 2.537 -9.466 5 6.929 -6.93 5
1 16 0 -16.2 5 0 0 1 6.2 0 0 0 -1 0 rect2P.dat
4 16 -1 -10 5 -1 -22.4 1.5 -1 -16.942 1.5 -1 -10 4
3 16 -1 -22.4 5 -1 -22.4 1.5 -1 -10 5
2 24 -1 -10 4 -1 -16.942 1.5
2 24 -1 -22.4 1.5 -1 -16.942 1.5
4 16 -8.16 -5.866 4 -14.172 -9.337 1.5 -18.9 -12.066 1.5 -8.16 -5.866 5
3 16 -8.16 -5.866 5 -18.9 -12.066 1.5 -18.9 -12.066 5
2 24 -8.16 -5.866 4 -14.172 -9.337 1.5
2 24 -18.9 -12.066 1.5 -14.172 -9.337 1.5
4 16 -1 -10 4 -1 -16.942 1.5 -2.854 -16.942 1.5 -2 -10 4
4 16 -1 -16.942 1.5 -1 -22.4 1.5 -4.104 -19.107 1.5 -2.854 -16.942 1.5
4 16 -14.495 -13.108 1.5 -4.104 -19.107 1.5 -1 -22.4 1.5 -18.9 -12.066 1.5
4 16 -18.9 -12.066 1.5 -1 -22.4 1.5 -7.661 -21.049 1.5 -14.4 -17.16 1.5
1 16 -8.05 -13.943 1.5 5.196 0 -1.25 -3 0 -2.165 0 -1 0 2-4ndis.dat
1 16 -8.05 -13.943 1.5 5.196 0 -1.25 -3 0 -2.165 0 -1 0 2-4edge.dat
4 16 -13.245 -10.943 1.5 -14.495 -13.108 1.5 -18.9 -12.066 1.5 -14.172 -9.337 1.5
4 16 -14.172 -9.337 1.5 -8.16 -5.866 4 -7.66 -6.732 4 -13.245 -10.943 1.5
1 16 -14.03 -8.1 5 5.369 0 0.5 3.1 0 -0.866 0 -1 0 rect2P.dat
4 16 -9.16 -4.134 5 -19.9 -10.334 1.5 -15.172 -7.605 1.5 -9.16 -4.134 4
3 16 -19.9 -10.334 5 -19.9 -10.334 1.5 -9.16 -4.134 5
2 24 -9.16 -4.134 4 -15.172 -7.605 1.5
2 24 -19.9 -10.334 1.5 -15.172 -7.605 1.5
4 16 -9.16 4.134 4 -15.172 7.605 1.5 -19.9 10.334 1.5 -9.16 4.134 5
3 16 -9.16 4.134 5 -19.9 10.334 1.5 -19.9 10.334 5
2 24 -9.16 4.134 4 -15.172 7.605 1.5
2 24 -19.9 10.334 1.5 -15.172 7.605 1.5
4 16 -9.16 -4.134 4 -15.172 -7.605 1.5 -16.099 -6 1.5 -9.66 -3.268 4
4 16 -15.172 -7.605 1.5 -19.9 -10.334 1.5 -18.6 -6 1.5 -16.099 -6 1.5
4 16 -18.6 6 1.5 -18.6 -6 1.5 -19.9 -10.334 1.5 -19.9 10.334 1.5
4 16 -19.9 10.334 1.5 -19.9 -10.334 1.5 -22.06 -3.89 1.5 -22.06 3.89 1.5
1 16 -16.099 0 1.5 0 0 -2.5 -6 0 0 0 -1 0 2-4ndis.dat
1 16 -16.099 0 1.5 0 0 -2.5 -6 0 0 0 -1 0 2-4edge.dat
4 16 -16.099 6 1.5 -18.6 6 1.5 -19.9 10.334 1.5 -15.172 7.605 1.5
4 16 -15.172 7.605 1.5 -9.16 4.134 4 -9.66 3.268 4 -16.099 6 1.5
1 16 -14.03 8.1 5 5.369 0 -0.5 -3.1 0 -0.866 0 -1 0 rect2P.dat
4 16 -8.16 5.866 5 -18.9 12.066 1.5 -14.172 9.337 1.5 -8.16 5.866 4
3 16 -18.9 12.066 5 -18.9 12.066 1.5 -8.16 5.866 5
2 24 -8.16 5.866 4 -14.172 9.337 1.5
2 24 -18.9 12.066 1.5 -14.172 9.337 1.5
4 16 -1 10 4 -1 16.942 1.5 -1 22.4 1.5 -1 10 5
3 16 -1 10 5 -1 22.4 1.5 -1 22.4 5
2 24 -1 10 4 -1 16.942 1.5
2 24 -1 22.4 1.5 -1 16.942 1.5
4 16 -8.16 5.866 4 -14.172 9.337 1.5 -13.245 10.943 1.5 -7.66 6.732 4
4 16 -14.172 9.337 1.5 -18.9 12.066 1.5 -14.495 13.108 1.5 -13.245 10.943 1.5
4 16 -4.104 19.107 1.5 -14.495 13.108 1.5 -18.9 12.066 1.5 -1 22.4 1.5
4 16 -1 22.4 1.5 -18.9 12.066 1.5 -14.4 17.16 1.5 -7.661 21.049 1.5
1 16 -8.05 13.943 1.5 -5.196 0 -1.25 -3 0 2.165 0 -1 0 2-4ndis.dat
1 16 -8.05 13.943 1.5 -5.196 0 -1.25 -3 0 2.165 0 -1 0 2-4edge.dat
4 16 -2.854 16.942 1.5 -4.104 19.107 1.5 -1 22.4 1.5 -1 16.942 1.5
4 16 -1 16.942 1.5 -1 10 4 -2 10 4 -2.854 16.942 1.5
1 16 0 16.2 5 0 0 -1 -6.2 0 0 0 -1 0 rect2P.dat
4 16 1 10 5 1 22.4 1.5 1 16.942 1.5 1 10 4
3 16 1 22.4 5 1 22.4 1.5 1 10 5
2 24 1 10 4 1 16.942 1.5
2 24 1 22.4 1.5 1 16.942 1.5
4 16 8.16 5.866 4 14.172 9.337 1.5 18.9 12.066 1.5 8.16 5.866 5
3 16 8.16 5.866 5 18.9 12.066 1.5 18.9 12.066 5
2 24 8.16 5.866 4 14.172 9.337 1.5
2 24 18.9 12.066 1.5 14.172 9.337 1.5
4 16 1 10 4 1 16.942 1.5 2.854 16.942 1.5 2 10 4
4 16 1 16.942 1.5 1 22.4 1.5 4.104 19.107 1.5 2.854 16.942 1.5
4 16 14.495 13.108 1.5 4.104 19.107 1.5 1 22.4 1.5 18.9 12.066 1.5
4 16 18.9 12.066 1.5 1 22.4 1.5 7.661 21.049 1.5 14.4 17.16 1.5
1 16 8.05 13.943 1.5 -5.196 0 1.25 3 0 2.165 0 -1 0 2-4ndis.dat
1 16 8.05 13.943 1.5 -5.196 0 1.25 3 0 2.165 0 -1 0 2-4edge.dat
4 16 13.245 10.943 1.5 14.495 13.108 1.5 18.9 12.066 1.5 14.172 9.337 1.5
4 16 14.172 9.337 1.5 8.16 5.866 4 7.66 6.732 4 13.245 10.943 1.5
1 16 14.03 8.1 5 -5.369 0 -0.5 -3.1 0 0.866 0 -1 0 rect2P.dat
4 16 9.16 4.134 5 19.9 10.334 1.5 15.172 7.605 1.5 9.16 4.134 4
3 16 19.9 10.334 5 19.9 10.334 1.5 9.16 4.134 5
2 24 9.16 4.134 4 15.172 7.605 1.5
2 24 19.9 10.334 1.5 15.172 7.605 1.5
4 16 9.16 -4.134 4 15.172 -7.605 1.5 19.9 -10.334 1.5 9.16 -4.134 5
3 16 9.16 -4.134 5 19.9 -10.334 1.5 19.9 -10.334 5
2 24 9.16 -4.134 4 15.172 -7.605 1.5
2 24 19.9 -10.334 1.5 15.172 -7.605 1.5
4 16 9.16 4.134 4 15.172 7.605 1.5 16.099 6 1.5 9.66 3.268 4
4 16 15.172 7.605 1.5 19.9 10.334 1.5 18.6 6 1.5 16.099 6 1.5
4 16 18.6 -6 1.5 18.6 6 1.5 19.9 10.334 1.5 19.9 -10.334 1.5
4 16 19.9 -10.334 1.5 19.9 10.334 1.5 22.06 3.89 1.5 22.06 -3.89 1.5
1 16 16.099 0 1.5 0 0 2.5 6 0 0 0 -1 0 2-4ndis.dat
1 16 16.099 0 1.5 0 0 2.5 6 0 0 0 -1 0 2-4edge.dat
4 16 16.099 -6 1.5 18.6 -6 1.5 19.9 -10.334 1.5 15.172 -7.605 1.5
4 16 15.172 -7.605 1.5 9.16 -4.134 4 9.66 -3.268 4 16.099 -6 1.5
1 16 14.03 -8.1 5 -5.369 0 0.5 3.1 0 0.866 0 -1 0 rect2P.dat
4 16 8.16 -5.866 5 18.9 -12.066 1.5 14.172 -9.337 1.5 8.16 -5.866 4
3 16 18.9 -12.066 5 18.9 -12.066 1.5 8.16 -5.866 5
2 24 8.16 -5.866 4 14.172 -9.337 1.5
2 24 18.9 -12.066 1.5 14.172 -9.337 1.5
4 16 1 -10 4 1 -16.942 1.5 1 -22.4 1.5 1 -10 5
3 16 1 -10 5 1 -22.4 1.5 1 -22.4 5
2 24 1 -10 4 1 -16.942 1.5
2 24 1 -22.4 1.5 1 -16.942 1.5
4 16 8.16 -5.866 4 14.172 -9.337 1.5 13.245 -10.943 1.5 7.66 -6.732 4
4 16 14.172 -9.337 1.5 18.9 -12.066 1.5 14.495 -13.108 1.5 13.245 -10.943 1.5
4 16 4.104 -19.107 1.5 14.495 -13.108 1.5 18.9 -12.066 1.5 1 -22.4 1.5
4 16 1 -22.4 1.5 18.9 -12.066 1.5 14.4 -17.16 1.5 7.661 -21.049 1.5
1 16 -4.331 -21.725 3.25 0 0 3.331 0 -1 -0.675 1.75 0 0 rect3.dat
1 16 -11.03 -19.104 3.25 3.369 0 0 -1.945 -1 0 0 0 1.75 rect2P.dat
1 16 -16.649 -14.613 3.25 0 -0.866 -2.25 0 -0.5 2.547 1.75 0 0 rect3.dat
1 16 -20.98 -7.112 3.25 0 -0.866 1.081 0 -0.5 -3.222 1.75 0 0 rect3.dat
1 16 -22.06 0 3.25 0 -0.866 0 -3.89 -0.5 0 0 0 1.75 rect2P.dat
1 16 -20.98 7.112 3.25 0 -0.866 1.081 0 0.5 3.222 1.75 0 0 rect3.dat
1 16 -16.649 14.613 3.25 0 -0.866 -2.25 0 0.5 -2.547 1.75 0 0 rect3.dat
1 16 -11.03 19.105 3.25 -3.369 -0.866 0 -1.945 0.5 0 0 0 1.75 rect2P.dat
1 16 -4.331 21.725 3.25 0 0 3.331 0 1 0.675 1.75 0 0 rect3.dat
1 16 4.331 21.725 3.25 0 0 -3.331 0 1 0.675 1.75 0 0 rect3.dat
1 16 11.03 19.105 3.25 -3.369 0 0 1.945 1 0 0 0 1.75 rect2P.dat
1 16 16.649 14.613 3.25 0 0.866 2.25 0 0.5 -2.547 1.75 0 0 rect3.dat
1 16 20.98 7.112 3.25 0 0.866 -1.081 0 0.5 3.222 1.75 0 0 rect3.dat
1 16 22.06 0 3.25 0 0.866 0 3.89 0.5 0 0 0 1.75 rect2P.dat
1 16 20.98 -7.112 3.25 0 0.866 -1.081 0 -0.5 -3.222 1.75 0 0 rect3.dat
1 16 16.649 -14.613 3.25 0 0.866 2.25 0 -0.5 2.547 1.75 0 0 rect3.dat
1 16 11.03 -19.105 3.25 3.369 0.866 0 1.945 -0.5 0 0 0 1.75 rect2P.dat
1 16 4.331 -21.725 3.25 0 0 -3.331 0 -1 -0.675 1.75 0 0 rect3.dat
3 16 -1 -22.4 5 1 -22.4 5 0 -29 5
4 16 0 -29 5 -11.098 -26.793 5 -7.661 -21.049 5 -1 -22.4 5
4 16 -14.4 -17.16 5 -7.661 -21.049 5 -11.098 -26.793 5 -20.506 -20.506 5
3 16 -20.506 -20.506 5 -18.9 -12.066 5 -14.4 -17.16 5
4 16 -19.9 -10.334 5 -18.9 -12.066 5 -20.506 -20.506 5 -26.793 -11.098 5
4 16 -22.06 -3.89 5 -19.9 -10.334 5 -26.793 -11.098 5 -29 0 5
3 16 -22.06 -3.89 5 -29 0 5 -22.06 3.89 5
4 16 -29 0 5 -26.793 11.098 5 -19.9 10.334 5 -22.06 3.89 5
4 16 -26.793 11.098 5 -20.506 20.506 5 -18.9 12.066 5 -19.9 10.334 5
3 16 -14.4 17.16 5 -18.9 12.066 5 -20.506 20.506 5
4 16 -20.506 20.506 5 -11.098 26.793 5 -7.661 21.049 5 -14.4 17.16 5
4 16 -1 22.4 5 -7.661 21.049 5 -11.098 26.793 5 0 29 5
3 16 1 22.4 5 -1 22.4 5 0 29 5
4 16 0 29 5 11.098 26.793 5 7.661 21.049 5 1 22.4 5
4 16 14.4 17.16 5 7.661 21.049 5 11.098 26.793 5 20.506 20.506 5
3 16 20.506 20.506 5 18.9 12.066 5 14.4 17.16 5
4 16 19.9 10.334 5 18.9 12.066 5 20.506 20.506 5 26.793 11.098 5
4 16 22.06 3.89 5 19.9 10.334 5 26.793 11.098 5 29 0 5
3 16 22.06 3.89 5 29 0 5 22.06 -3.89 5
4 16 29 0 5 26.793 -11.098 5 19.9 -10.334 5 22.06 -3.89 5
4 16 26.793 -11.098 5 20.506 -20.506 5 18.9 -12.066 5 19.9 -10.334 5
3 16 14.4 -17.16 5 18.9 -12.066 5 20.506 -20.506 5
4 16 20.506 -20.506 5 11.098 -26.793 5 7.661 -21.049 5 14.4 -17.16 5
4 16 1 -22.4 5 7.661 -21.049 5 11.098 -26.793 5 0 -29 5
1 16 8.05 -13.943 1.5 5.196 0 1.25 3 0 -2.165 0 -1 0 2-4ndis.dat
1 16 8.05 -13.943 1.5 5.196 0 1.25 3 0 -2.165 0 -1 0 2-4edge.dat
4 16 2.854 -16.942 1.5 4.104 -19.107 1.5 1 -22.4 1.5 1 -16.942 1.5
4 16 1 -16.942 1.5 1 -10 4 2 -10 4 2.854 -16.942 1.5
1 16 -8.05 -13.943 0.5 5.196 0 -1.25 -3 0 -2.165 0 1 0 2-4ndis.dat
1 16 -8.05 -13.943 0.5 5.196 0 -1.25 -3 0 -2.165 0 1 0 2-4edge.dat
0 BFC INVERTNEXT
1 16 -8.05 -13.943 0.5 5.196 0 -1.25 -3 0 -2.165 0 1 0 2-4cyli.dat
1 16 -2.427 -13.471 2.25 0 1 0.427 0 0 3.471 -0.5 0 1.25 rect3.dat
1 16 2.427 -13.471 2.25 0 -1 -0.427 0 0 3.471 -0.5 0 1.25 rect3.dat
3 16 -4.104 -19.108 0.5 -14.496 -13.108 0.5 -9.5 -16.454 0.5
4 16 -2.854 -16.942 0.5 -4.104 -19.107 0.5 4.104 -19.107 0.5 2.854 -16.942 0.5
4 16 -2 -10 3 -2.854 -16.942 0.5 2.854 -16.942 0.5 2 -10 3
1 16 -16.099 0 0.5 0 0 -2.5 -6 0 0 0 1 0 2-4ndis.dat
1 16 -16.099 0 0.5 0 0 -2.5 -6 0 0 0 1 0 2-4edge.dat
0 BFC INVERTNEXT
1 16 -16.099 0 0.5 0 0 -2.5 -6 0 0 0 1 0 2-4cyli.dat
1 16 -12.88 -4.634 2.25 0 0.5 3.219 0 -0.866 1.366 -0.5 0 1.25 rect3.dat
1 16 -10.453 -8.837 2.25 0 -0.5 2.792 0 0.866 2.105 -0.55 0 1.25 rect3.dat
3 16 -18.6 -6 0.5 -18.6 6 0.5 -19 0 0.5
4 16 -16.099 -6 0.5 -18.6 -6 0.5 -14.495 -13.108 0.5 -13.245 -10.943 0.5
4 16 -9.66 -3.268 3 -16.099 -6 0.5 -13.245 -10.943 0.5 -7.66 -6.732 3
1 16 -8.05 13.943 0.5 -5.196 0 -1.25 -3 0 2.165 0 1 0 2-4ndis.dat
1 16 -8.05 13.943 0.5 -5.196 0 -1.25 -3 0 2.165 0 1 0 2-4edge.dat
0 BFC INVERTNEXT
1 16 -8.05 13.943 0.5 -5.196 0 -1.25 -3 0 2.165 0 1 0 2-4cyli.dat
1 16 -10.453 8.837 2.25 0 -0.5 2.792 0 -0.866 -2.105 -0.5 0 1.25 rect3.dat
1 16 -12.88 4.634 2.25 0 0.5 3.219 0 0.866 -1.366 -0.5 0 1.25 rect3.dat
3 16 -14.496 13.108 0.5 -4.104 19.108 0.5 -9.5 16.454 0.5
4 16 -13.245 10.943 0.5 -14.495 13.108 0.5 -18.6 6 0.5 -16.099 6 0.5
4 16 -7.66 6.732 3 -13.245 10.943 0.5 -16.099 6 0.5 -9.66 3.268 3
1 16 8.05 13.943 0.5 -5.196 0 1.25 3 0 2.165 0 1 0 2-4ndis.dat
1 16 8.05 13.943 0.5 -5.196 0 1.25 3 0 2.165 0 1 0 2-4edge.dat
0 BFC INVERTNEXT
1 16 8.05 13.943 0.5 -5.196 0 1.25 3 0 2.165 0 1 0 2-4cyli.dat
1 16 2.427 13.471 2.25 0 -1 -0.427 0 0 -3.471 -0.5 0 1.25 rect3.dat
1 16 -2.427 13.471 2.25 0 1 0.427 0 0 -3.471 -0.5 0 1.25 rect3.dat
3 16 4.104 19.108 0.5 14.496 13.108 0.5 9.5 16.454 0.5
4 16 2.854 16.942 0.5 4.104 19.107 0.5 -4.104 19.107 0.5 -2.854 16.942 0.5
4 16 2 10 3 2.854 16.942 0.5 -2.854 16.942 0.5 -2 10 3
1 16 16.099 0 0.5 0 0 2.5 6 0 0 0 1 0 2-4ndis.dat
1 16 16.099 0 0.5 0 0 2.5 6 0 0 0 1 0 2-4edge.dat
0 BFC INVERTNEXT
1 16 16.099 0 0.5 0 0 2.5 6 0 0 0 1 0 2-4cyli.dat
1 16 12.88 4.634 2.25 0 -0.5 -3.219 0 0.866 -1.366 -0.5 0 1.25 rect3.dat
1 16 10.453 8.837 2.25 0 0.5 -2.792 0 -0.866 -2.105 -0.5 0 1.25 rect3.dat
3 16 18.6 6 0.5 18.6 -6 0.5 19 0 0.5
4 16 16.099 6 0.5 18.6 6 0.5 14.495 13.108 0.5 13.245 10.943 0.5
4 16 9.66 3.268 3 16.099 6 0.5 13.245 10.943 0.5 7.66 6.732 3
1 16 8.05 -13.943 0.5 5.196 0 1.25 3 0 -2.165 0 1 0 2-4ndis.dat
1 16 8.05 -13.943 0.5 5.196 0 1.25 3 0 -2.165 0 1 0 2-4edge.dat
0 BFC INVERTNEXT
1 16 8.05 -13.943 0.5 5.196 0 1.25 3 0 -2.165 0 1 0 2-4cyli.dat
1 16 10.453 -8.837 2.25 0 0.5 -2.792 0 0.866 2.105 -0.5 0 1.25 rect3.dat
1 16 12.88 -4.634 2.25 0 -0.5 -3.219 0 -0.866 1.366 -0.5 0 1.25 rect3.dat
3 16 14.496 -13.108 0.5 4.104 -19.108 0.5 9.5 -16.454 0.5
4 16 13.245 -10.943 0.5 14.495 -13.108 0.5 18.6 -6 0.5 16.099 -6 0.5
4 16 7.66 -6.732 3 13.245 -10.943 0.5 16.099 -6 0.5 9.66 -3.268 3
0
