0 ROTATION CENTER 0 0 0 1 "Custom" 
0 ROTATION CONFIG 0 0
4 16 260 0 200 260 0 200 -260 0 200 -260 0 200
4 16 260 0 200 260 0 120 -260 0 120 -260 0 200
4 16 260 0 120 260 0 -120 180 0 -120 180 0 120
4 16 -180 0 120 -180 0 -120 -260 0 -120 -260 0 120
4 16 260 0 -120 260 0 -200 -260 0 -200 -260 0 -120
4 16 260 0 -200 260 0 -200 -260 0 -200 -260 0 -200

4 16 -260 4 120 260 4 120 260 4 200 -260 4 200
4 16 180 4 -120 260 4 -120 260 4 120 180 4 120
4 16 -260 4 -120 -180 4 -120 -180 4 120 -260 4 120
4 16 -260 4 -200 260 4 -200 260 4 -120 -260 4 -120

4 16 260 4 200 260 0 200 -260 0 200 -260 4 200
4 16 -260 4 200 -260 0 200 -260 0 -200 -260 4 -200
4 16 -260 4 -200 -260 0 -200 260 0 -200 260 4 -200
4 16 260 4 -200 260 0 -200 260 0 200 260 4 200

4 16 180 4 120 180 0 120 180 0 -120 180 4 -120
4 16 180 4 -120 180 0 -120 -180 0 -120 -180 4 -120
4 16 -180 4 -120 -180 0 -120 -180 0 120 -180 4 120
4 16 -180 4 120 -180 0 120 180 0 120 180 4 120

2 24 260 0 200 -260 0 200
2 24 -260 0 200 -260 0 -200
2 24 -260 0 -200 260 0 -200
2 24 260 0 -200 260 0 200
2 24 180 0 120 180 0 -120
2 24 180 0 -120 -180 0 -120
2 24 -180 0 -120 -180 0 120
2 24 -180 0 120 180 0 120

2 24 160 4 200 -260 4 200
2 24 -260 4 200 -260 4 -200
2 24 -260 4 -200 260 4 -200
2 24 260 4 -200 260 4 200
2 24 180 4 120 180 4 -120
2 24 180 4 -120 -1180 4 -120
2 24 -180 4 -120 -180 4 120
2 24 -180 4 120 180 4 120
0
