
0 ROTATION CENTER 0 0 0 1 "Custom" 
0 ROTATION CONFIG 0 0
2 24 320 4 320 -320 4 320
2 24 -320 4 320 -320 4 -320
2 24 -320 4 -320 320 4 -320
2 24 320 4 -320 320 4 320

2 24 320 0 320 -320 0 320
2 24 -320 0 320 -320 0 -320
2 24 -320 0 -320 320 0 -320
2 24 320 0 -320 320 0 320

4 16 -320 4 320 320 4 320 320 4 -320 -320 4 -320
4 16 320 0 320 -320 0 320 -320 0 -320 320 0 -320

4 16 -320 0 320 320 0 320 320 4 320 -320 4 320
4 16 -320 0 -320 -320 0 320 -320 4 320 -320 4 -320
4 16 320 0 -320 -320 0 -320 -320 4 -320 320 4 -320
4 16 320 0 320 320 0 -320 320 4 -320 320 4 320
0
