Baseplate Locations
(This compilation is not yet finished)

Town20 - 3x9; 9 pcs
-3200 5120
-2560 5120
-2560 7060
-2560 7700
-2560 8340
-2560 8980
-2560 9620
-2560 10260
-1920 5120

Town11 - 3x3; 8 pcs
-5120 2560
-5120 3200
-4480 2560
-4480 3200
-4480 3840
-3840 2560
-3840 3200
-3840 3840

Town10 - 3x4=12 pcs
-3200 2560
-3200 3200
-3200 3840
-3200 4480
-2560 2560
-2560 3200
-2560 3840
-2560 4480
-1920 3840
-1920 2560
-1920 3200
-1920 4480

Town1-1 - 5x4; 17 pcs
-1280 2560 1 0 0 0 1 0 0 0 1 3811.dat
-1280 3200 1 0 0 0 1 0 0 0 1 3811.dat
-1280 3840 0 0 1 0 1 0 -1 0 0 606p01.dat
-640 2560 1 0 0 0 1 0 0 0 1 3811.dat
-640 3200 1 0 0 0 1 0 0 0 1 3811.dat
-640 3840 0 0 1 0 1 0 -1 0 0 606p01.dat
0 2560 1 0 0 0 1 0 0 0 1 606p02.dat
0 3200 1 0 0 0 1 0 0 0 1 606p01.dat
0 3840 1 0 0 0 1 0 0 0 1 607p01.dat
0 4480 1 0 0 0 1 0 0 0 1 606p01.dat
640 2560 1 0 0 0 1 0 0 0 1 3811.dat
640 3200 1 0 0 0 1 0 0 0 1 3811.dat
640 3840 0 0 1 0 1 0 -1 0 0 606p01.dat
1280 3840 0 0 1 0 1 0 -1 0 0 606p01.dat
1280 2560 1 0 0 0 1 0 0 0 1 3811.dat
1280 3200 1 0 0 0 1 0 0 0 1 3811.dat

Town02 - 9x1=9 pcs
-12800 640
-12160 640
-11520 640
-10880 640
-10240 640
-9600 640
-8960 640
-8320 640
-7680 640

Town01 - 5x5; 15 pcs
-7040 640
-6400 640
-5760 -640
-5760 0
-5760 640
-5120 -640
-5120 0
-5120 640
-5120 1280
-5120 1920
-4480 -640
-4480 0
-4480 640
-4480 1280
-4480 1920

Town00 - 4x5=20 pcs
-3840 -640 (Bmhcarri.ldr)
-3840 0
-3840 640
-3840 1280
-3840 1920
-3200 -640 (Bmhcarri.ldr)
-3200 0
-3200 640
-3200 1280
-3200 1920
-2560 -640
-2560 0
-2560 640
-2560 1280
-2560 1920
-1920 -640
-1920 0
-1920 640
-1920 1280
-1920 1920

Town0-1
Town0-2

Town-1-1 - 6x4=24 pcs
-1280 -3200
-1280 -2560
-1280 -1920
-1280 -1280
-640 -3200
-640 -2560
-640 -1920
-640 -1280
0 -3200
0 -2560
0 -1920
0 -1280
640 -3200
640 -2560
640 -1280
640 -1920
1280 -3200
1280 -1920
1280 -1280
1280 -2560
1920 -3200
1920 -2560
1920 -1280
1920 -1920

Town-10 - 4x4; 12 pcs + 1x2 pcs offset x+100 z+100
-3840 -2560
-3840 -1920
-3840 -1280
-3100 -3740
-3100 -3100 (bjwgas.mpd)
-3200 -2560
-3200 -1920
-3200 -1280
-2560 -3200
-2560 -2560
-2560 -1920
-2560 -1280
-1920 -3200
-1920 -2560
-1920 -1920
-1920 -1280

Town-11 - 4x5; 17 pcs
-5760 -3840
-5760 -3200
-5760 -2560
-5760 -1920
-5760 -1280
-5120 -3840
-5120 -3200
-5120 -2560
-5120 -1920
-5120 -1280
-4480 -3840
-4480 -3200
-4480 -2560
-4480 -1920
-4480 -1280
-3840 -3200
-3840 -3840

Town-21 - 0 pcs

Town-20 - 3x4; 10 pcs
-3200 0 -5120 0 0 1 0 1 0 -1 0 0 606p01.dat
-3200 0 -4480 1 0 0 0 1 0 0 0 1 3811.dat
-3200 0 -3840 1 0 0 0 1 0 0 0 1 3811.dat
-2560 0 -5760 1 0 0 0 1 0 0 0 1 606p01.dat
-2560 0 -5120 1 0 0 0 1 0 0 0 1 607p01.dat
-2560 0 -4480 (rjvtkx.ldr)
-2560 0 -3840 0 0 -1 0 1 0 1 0 0 425p01.dat
-1920 0 -5120 0 0 1 0 1 0 -1 0 0 606p01.dat
-1920 0 -4480 1 0 0 0 1 0 0 0 1 3811.dat
-1920 0 -3840 1 0 0 0 1 0 0 0 1 3811.dat

Town-2-1 - 6x4; 20 pcs
-1280 0 -5120
-1280 0 -4480
-1280 0 -3840
-640 0 -5120
-640 0 -4480
-640 0 -3840
0 0 -5760
0 0 -5120
0 0 -4480 (rjvtkx.ldr)
0 0 -3840
640 0 -5120
640 0 -4480
640 0 -3840
1280 0 -4480
1280 0 -5120
1280 0 -3840 (Ltemoske.ldr)
1920 0 -5760
1920 0 -5120
1920 0 -4480
1920 0 -3840


Sample REMs:
0 REM 6 x 4 Baseplates
0 REM 3 x 9 Baseplates; 9 pcs
0 REM Added Baseplates 1 (3) (TE, Rev028)
0 REM end of 6 x 4 Baseplates
