0 Box - Technic Rotor  3 Blade
0 ROTATION CENTER 0 0 0 1 "Custom" 
0 ROTATION CONFIG 0 0
1 16 0 0 0 1 0 0 0 8 0 0 0 1 axlehole.dat
1 16 0 0 0 1 0 0 0 0 0 0 0 1 axlehol2.dat
1 16 0 8 0 1 0 0 0 0 0 0 0 1 axlehol2.dat
1 16 0 8 20 6 0 0 0 -4 0 0 0 6 box5.dat
1 16 0 8 0 6 0 0 0 0 0 0 0 6 2-4ndis.dat
1 16 0 0 0 6 0 0 0 0 0 0 0 6 2-4ndis.dat
4 16 6 8 14 6 8 6 -6 8 6 -6 8 14
4 16 10 8 5 10 8 30 6 8 26 6 8 0
4 16 -10 8 5 -10 8 30 -6 8 26 -6 8 0
4 16 10 8 30 6 8 26 -6 8 26 -10 8 30
2 24 10 8 5 10 8 30
2 24 -10 8 5 -10 8 30
1 16 0 7 30 10 0 0 0 0 1 0 0 0 rect.dat
2 24 10 8 5 10 0 5
4 14 10 8 5 10 8 30 10 0 30 10 0 5
4 14 -10 8 5 -10 8 30 -10 0 30 -10 0 5
2 0 10 0 5 10 0 30
2 0 -10 0 5 -10 0 30
4 14 10 0 5 10 0 30 6 0 6 6 0 0
4 14 -10 0 5 -10 0 30 -6 0 6 -6 0 0
4 14 10 0 30 6 0 6 -6 0 6 -10 0 30
1 16 0 0 40 1 0 0 0 1 0 0 0 1 steerend.dat
1 16 0 0 20 1 0 0 0 1 0 0 0 1 stud2.dat
1 16 -17.32 8 -10 -3 0 -5.2 0 -4 0 5.2 0 -3 box5.dat
1 16 0 8 0 -3 0 -5.2 0 0 0 5.2 0 -3 2-4ndis.dat
1 16 0 0 0 -3 0 -5.2 0 0 0 5.2 0 -3 2-4ndis.dat
4 16 -15.12 8 -1.8 -8.2 8 2.2 -2.2 8 -8.2 -9.12 8 -12.2
4 16 -9.33 8 6.16 -30.98 8 -6.34 -25.52 8 -7.8 -3 8 5.2
4 16 0.67 8 -11.16 -20.98 8 -23.66 -19.52 8 -18.2 3 8 -5.2
4 16 -30.98 8 -6.34 -25.52 8 -7.8 -19.52 8 -18.2 -20.98 8 -23.66
2 24 -9.33 8 6.16 -30.98 8 -6.34
2 24 0.67 8 -11.16 -20.98 8 -23.66
1 16 -25.98 7 -15 -5 0 0 0 0 1 8.66 0 0 rect.dat
2 0 -9.33 8 6.16 -9.33 0 6.16
4 14 -9.33 8 6.16 -30.98 8 -6.34 -30.98 0 -6.34 -9.33 0 6.16
4 14 0.67 8 -11.16 -20.98 8 -23.66 -20.98 0 -23.66 0.67 0 -11.16
2 24 -9.33 0 6.16 -30.98 0 -6.34
2 24 0.67 0 -11.16 -20.98 0 -23.66
4 14 -9.33 0 6.16 -30.98 0 -6.34 -8.2 0 2.2 -3 0 5.2
4 14 0.67 0 -11.16 -20.98 0 -23.66 -2.2 0 -8.2 3 0 -5.2
4 14 -30.98 0 -6.34 -8.2 0 2.2 -2.2 0 -8.2 -20.98 0 -23.66
1 16 -34.64 0 -20 -0.5 0 -0.87 0 1 0 0.87 0 -0.5 steerend.dat
1 16 -17.32 0 -10 -0.5 0 -0.87 0 1 0 0.87 0 -0.5 stud2.dat
1 16 17.32 8 -10 -3 0 5.2 0 -4 0 -5.2 0 -3 box5.dat
1 16 0 8 0 -3 0 5.2 0 0 0 -5.2 0 -3 2-4ndis.dat
1 16 0 0 0 -3 0 5.2 0 0 0 -5.2 0 -3 2-4ndis.dat
4 16 9.12 8 -12.2 2.2 8 -8.2 8.2 8 2.2 15.12 8 -1.8
4 16 -0.67 8 -11.16 20.98 8 -23.66 19.52 8 -18.2 -3 8 -5.2
4 16 9.33 8 6.16 30.98 8 -6.34 25.52 8 -7.8 3 8 5.2
4 16 20.98 8 -23.66 19.52 8 -18.2 25.52 8 -7.8 30.98 8 -6.34
2 24 -0.67 8 -11.16 20.98 8 -23.66
2 24 9.33 8 6.16 30.98 8 -6.34
1 16 25.98 7 -15 -5 0 0 0 0 1 -8.66 0 0 rect.dat
2 24 -0.67 8 -11.16 -0.67 0 -11.16
4 14 -0.67 8 -11.16 20.98 8 -23.66 20.98 0 -23.66 -0.67 0 -11.16
4 14 9.33 8 6.16 30.98 8 -6.34 30.98 0 -6.34 9.33 0 6.16
2 24 -0.67 0 -11.16 20.98 0 -23.66
2 24 9.33 0 6.16 30.98 0 -6.34
4 14 -0.67 0 -11.16 20.98 0 -23.66 2.2 0 -8.2 -3 0 -5.2
4 14 9.33 0 6.16 30.98 0 -6.34 8.2 0 2.2 3 0 5.2
4 14 20.98 0 -23.66 2.2 0 -8.2 8.2 0 2.2 30.98 0 -6.34
1 14 34.64 0 -20 10 0 0 0 8 0 0 0 10 2-4cyli.dat
1 14 0 19 0 8 0 0 0 5 0 0 0 8 4-4cyli.dat
1 16 34.64 0 -20 -0.5 0 0.87 0 1 0 -0.87 0 -0.5 steerend.dat
1 16 17.32 0 -10 -0.5 0 0.87 0 1 0 -0.87 0 -0.5 stud2.dat
0
