0 ROTATION CENTER 0 0 0 1 "Custom" 
0 ROTATION CONFIG 0 0
4 16 -150 8 -60 -170 8 -60 -170 8 60 -150 8 60
4 16 -150 8 40 -70 8 40 -70 8 -40 -150 8 -40
4 16 -70 8 60 50 8 60 50 8 -60 -70 8 -60
4 16 50 8 40 130 8 40 130 8 -40 50 8 -40
4 16 130 8 60 170 8 60 170 8 -60 130 8 -60
4 16 -70 0 -40 -70 0 40 -150 0 40 -150 0 -40
1 16 -10 0 0 8 0 0 0 1 0 0 0 8 4-4edge.dat
1 16 -10 0 0 8 0 0 0 1 0 0 0 8 4-4ndis.dat
0 BFC CERTIFY INVERTNEXT
1 16 -10 0 0 8 0 0 0 4 0 0 0 8 4-4cyli.dat
4 16 -70 0 60 -18 0 8 -2 0 8 50 0 60
4 16 50 0 -60 -2 0 -8 -18 0 -8 -70 0 -60
4 16 50 0 -60 50 0 60 -2 0 8 -2 0 -8
4 16 -18 0 -8 -18 0 8 -70 0 60 -70 0 -60
4 16 130 0 -40 130 0 40 50 0 40 50 0 -40
1 16 -10 4 0 8 0 0 0 1 0 0 0 8 4-4edge.dat
1 16 -10 4 0 8 0 0 0 -1 0 0 0 8 4-4ndis.dat
0 BFC CERTIFY INVERTNEXT
1 16 90 4 -60 0 0 -40 4 0 0 0 20 0 box3u2p.dat
0 BFC CERTIFY INVERTNEXT
1 16 90 4 60 0 0 40 4 0 0 0 -20 0 box3u2p.dat
0 BFC CERTIFY INVERTNEXT
1 16 -110 4 -60 0 0 -40 4 0 0 0 20 0 box3u2p.dat
0 BFC CERTIFY INVERTNEXT
1 16 -110 4 60 0 0 40 4 0 0 0 -20 0 box3u2p.dat
1 16 150 8 0 0 0 20 0 -8 0 -60 0 0 box4-4a.dat
1 16 -160 8 0 0 0 -10 0 -8 0 60 0 0 box4-4a.dat
1 16 -10 4 60 -60 0 0 0 0 -4 0 -1 0 rect2p.dat
1 16 -10 4 -60 -60 0 0 0 0 4 0 1 0 rect2p.dat
0
