0 ROTATION CENTER 0 0 0 1 "Custom" 
0 ROTATION CONFIG 0 0
1 16 40 12 20 -20 -0 0 0 -0 -12 0 -1 0 rect.dat
1 16 60 12 0 0 -1 0 -12 -0 0 0 -0 -20 rect3.dat
1 16 0 12 60 -20 -0 0 0 -0 -12 0 -1 0 rect.dat
1 16 20 12 40 0 -1 0 0 0 -12 20 0 0 rect2p.dat
1 16 20 12 -20 0 0 -40 -12 0 0 0 1 0 rect3.dat
1 16 -20 12 20 0 1 0 0 0 -12 -40 0 0 rect2p.dat
4 16 60 0 20 20 0 20 -20 0 -20 60 0 -20
4 16 60 24 20 20 24 20 -20 24 -20 60 24 -20
4 16 20 0 20 20 0 60 -20 0 60 -20 0 -20
4 16 20 24 20 20 24 60 -20 24 60 -20 24 -20
0
