0 ROTATION CENTER 0 0 0 1 "Custom" 
0 ROTATION CONFIG 0 0
1 16 0 16 0 8 0 0 0 0 0 0 0 8 4-4edge.dat
1 16 0 0 0 8 0 0 0 0 0 0 0 8 4-4edge.dat
1 16 0 0 0 8 0 0 0 16 0 0 0 8 4-4cyli.dat
1 16 0 0 0 8 0 0 0 0 0 0 0 8 4-4disc.dat
1 16 0 16 0 8 0 0 0 0 0 0 0 8 4-4disc.dat

2 24 2 10 8 2 10 10
2 24 2 0 8 2 10 8
2 24 2 0 8 2 0 10
2 24 -2 10 8 -2 10 10
2 24 -2 0 8 -2 10 8
2 24 -2 0 8 -2 0 10
1 16 0 10 10 2 0 0 0 0 0 0 0 2 2-4edge.dat
1 16 0 0 10 2 0 0 0 0 0.5 0 0 2 2-4edge.dat
4 16 2 10 8 2 10 10 2 0 10 2 0 8
4 16 -2 10 8 -2 10 10 -2 0 10 -2 0 8
4 16 2 10 8 2 10 10 -2 10 10 -2 10 8
4 16 2 0 8 2 0 10 -2 0 10 -2 0 8
1 16 0 10 10 2 0 0 0 0 0 0 0 2 2-4disc.dat
1 16 0 0 10 2 0 0 0 0 0 0 0 2 2-4disc.dat
1 16 0 0 10 2 0 0 0 10 0 0 0 2 2-4cyli.dat
1 16 0 -24 22 2 0 0 0 26 1 0 -13 2 4-4cyli.dat
1 16 0 -24 22 2 0 0 0 -2 1 0 1 2 4-4disc.dat
1 16 0 -24 22 2 0 0 0 -2 1 0 1 2 4-4edge.dat

2 24 -7.93 10 -2.27 -9.66 10 -3.27
2 24 -7.93 0 -2.27 -7.93 10 -2.27
2 24 -7.93 0 -2.27 -9.66 0 -3.27
2 24 -5.93 10 -5.73 -7.66 10 -6.73
2 24 -5.93 0 -5.73 -5.93 10 -5.73
2 24 -5.93 0 -5.73 -7.66 0 -6.73
1 16 -8.66 10 -5 -1 0 -1.73 0 0 0 1.73 0 -1 2-4edge.dat
1 16 -8.66 0 -5 -1 0 -1.73 0 0 0.5 1.73 0 -1 2-4edge.dat
4 16 -7.93 10 -2.27 -9.66 10 -3.27 -9.66 0 -3.27 -7.93 0 -2.27
4 16 -5.93 10 -5.73 -7.66 10 -6.73 -7.66 0 -6.73 -5.93 0 -5.73
4 16 -7.93 10 -2.27 -9.66 10 -3.27 -7.66 10 -6.73 -5.93 10 -5.73
4 16 -7.93 0 -2.27 -9.66 0 -3.27 -7.66 0 -6.73 -5.93 0 -5.73
1 16 -8.66 10 -5 -1 0 -1.73 0 0 0 1.73 0 -1 2-4disc.dat
1 16 -8.66 0 -5 -1 0 -1.73 0 0 0 1.73 0 -1 2-4disc.dat
1 16 -8.66 0 -5 -1 0 -1.73 0 10 0 1.73 0 -1 2-4cyli.dat
1 16 -20.78 -28 -12 -1 12.99 -1.73 0 30 1 1.73 7.5 -1 4-4cyli.dat
1 16 -20.78 -28 -12 -1 -0.87 -1.73 0 -2 1 1.73 -0.5 -1 4-4disc.dat
1 16 -20.78 -28 -12 -1 -0.87 -1.73 0 -2 1 1.73 -0.5 -1 4-4edge.dat

2 24 5.93 10 -5.73 7.66 10 -6.73
2 24 5.93 0 -5.73 5.93 10 -5.73
2 24 5.93 0 -5.73 7.66 0 -6.73
2 24 7.93 10 -2.27 9.66 10 -3.27
2 24 7.93 0 -2.27 7.93 10 -2.27
2 24 7.93 0 -2.27 9.66 0 -3.27
1 16 8.66 10 -5 -1 0 1.73 0 0 0 -1.73 0 -1 2-4edge.dat
1 16 8.66 0 -5 -1 0 1.73 0 0 0.5 -1.73 0 -1 2-4edge.dat
4 16 5.93 10 -5.73 7.66 10 -6.73 7.66 0 -6.73 5.93 0 -5.73
4 16 7.93 10 -2.27 9.66 10 -3.27 9.66 0 -3.27 7.93 0 -2.27
4 16 5.93 10 -5.73 7.66 10 -6.73 9.66 10 -3.27 7.93 10 -2.27
4 16 5.93 0 -5.73 7.66 0 -6.73 9.66 0 -3.27 7.93 0 -2.27
1 16 8.66 10 -5 -1 0 1.73 0 0 0 -1.73 0 -1 2-4disc.dat
1 16 8.66 0 -5 -1 0 1.73 0 0 0 -1.73 0 -1 2-4disc.dat
1 16 8.66 0 -5 -1 0 1.73 0 10 0 -1.73 0 -1 2-4cyli.dat
1 16 22.52 -32 -13 -1 -14.72 1.73 0 34 1 -1.73 8.5 -1 4-4cyli.dat
1 16 22.52 -32 -13 -1 0.87 1.73 0 -2 1 -1.73 -0.5 -1 4-4disc.dat
1 16 22.52 -32 -13 -1 0.87 1.73 0 -2 1 -1.73 -0.5 -1 4-4edge.dat
0
