0 ROTATION CENTER 0 0 0 1 "Custom" 
0 ROTATION CONFIG 0 0
2 24 20 8 20 20 8 -28
2 24 -20 8 -28 -20 8 20
2 24 20 0 20 20 0 -20
2 24 -20 0 -20 -20 0 20
1 16 0 -40 -24 20 0 0 0 1 0 0 0 4 rect.dat
2 24 20 -40 -20 20 0 -20
2 24 -20 -40 -20 -20 0 -20
2 24 20 -40 -28 20 8 -28
2 24 -20 -40 -28 -20 8 -28
2 24 -20 0 -20 20 0 -20
2 24 -20 8 -28 20 8 -28
4 16 -20 8 20 -20 8 -28 20 8 -28 20 8 20
4 16 20 0 20 20 0 -20 -20 0 -20 -20 0 20
4 16 -20 8 -28 -20 -40 -28 20 -40 -28 20 8 -28
4 16 -20 0 -20 -20 -40 -20 20 -40 -20 20 0 -20
1 16 0 4 20 0 0 -20 -4 0 0 0 -1 0 rect.dat
4 16 20 8 -28 20 0 -20 20 0 20 20 8 20
4 16 -20 8 20 -20 0 20 -20 0 -20 -20 8 -28
4 16 20 -40 -28 20 -40 -20 20 0 -20 20 8 -28
4 16 -20 8 -28 -20 0 -20 -20 -40 -20 -20 -40 -28
0
