0 Brick  1 x  2 x  2 with Shell Logo Sign Pattern
0 Name: x772pshe.dat
0 Was: She.dat
0 Author: Jonathan Wilson
0 Unofficial Datsville Part
0 Parent: _bjwgas1.ldr

0 BFC NOCERTIFY
 
 2 24 -2 47 6 -2 4 6
 2 24 -5 47 6 -5 4 6
 2 24 -2 44 2 -2 4 2
 2 24 -2 47 6 -5 47 6
 2 24 -5 47 6 -2 44 2
 2 24 -2 44 2 -2 47 6
 4 16 -2 47 6 -2 4 6 -2 4 2 -2 44 2
 4 16 -2 44 2 -2 4 2 -5 47 6 -5 4 6
 3 16 -2 47 6 -5 47 6 -2 44 2
 2 24 2 47 6 2 4 6
 2 24 5 47 6 5 4 6
 2 24 2 44 2 2 4 2
 2 24 2 47 6 5 47 6
 2 24 5 47 6 2 44 2
 2 24 2 44 2 2 47 6
 4 16 2 47 6 2 4 6 2 4 2 2 44 2
 4 16 2 44 2 2 4 2 5 47 6 5 4 6
 3 16 2 47 6 5 47 6 2 44 2
 2 24 2 47 -6 2 4 -6
 2 24 5 47 -6 5 4 -6
 2 24 2 44 -2 2 4 -2
 2 24 2 47 -6 5 47 -6
 2 24 5 47 -6 2 44 -2
 2 24 2 44 -2 2 47 -6
 4 16 2 47 -6 2 4 -6 2 4 -2 2 44 -2
 4 16 2 44 -2 2 4 -2 5 47 -6 5 4 -6
 3 16 2 47 -6 5 47 -6 2 44 -2
 2 24 -2 47 -6 -2 4 -6
 2 24 -5 47 -6 -5 4 -6
 2 24 -2 44 -2 -2 4 -2
 2 24 -2 47 -6 -5 47 -6
 2 24 -5 47 -6 -2 44 -2
 2 24 -2 44 -2 -2 47 -6
 4 16 -2 47 -6 -2 4 -6 -2 4 -2 -2 44 -2
 4 16 -2 44 -2 -2 4 -2 -5 47 -6 -5 4 -6
 3 16 -2 47 -6 -5 47 -6 -2 44 -2
 1 16 0 48 0 16 0 0 0 -44 0 0 0 6 box5.dat
 4 16 -16 48 -6 -20 48 -10 20 48 -10 16 48 -6
 4 16 16 48 -6 20 48 -10 20 48 10 16 48 6
 4 16 16 48 6 20 48 10 -20 48 10 -16 48 6
 4 16 -16 48 6 -20 48 10 -20 48 -10 -16 48 -6
 2 24 -20 0 10 20 0 10
 2 24 20 0 10 20 0 -10
 2 24 20 0 -10 -20 0 -10
 2 24 -20 0 -10 -20 0 10
 2 24 -20 48 10 20 48 10
 2 24 20 48 10 20 48 -10
 2 24 20 48 -10 -20 48 -10
 2 24 -20 48 -10 -20 48 10
 2 24 -20 48 10 -20 0 10
 2 24 20 48 10 20 0 10
 2 24 -20 48 -10 -20 0 -10
 2 24 20 48 -10 20 0 -10
 4 16 -20 0 10 -20 0 -10 20 0 -10 20 0 10
 4 16 20 0 10 20 48 10 20 48 -10 20 0 -10
 4 16 -20 0 -10 -20 48 -10 -20 48 10 -20 0 10
 1 16 -10 0 0 1 0 0 0 1 0 0 0 1 stud.dat
 1 16 10 0 0 1 0 0 0 1 0 0 0 1 stud.dat
 4 16 20 0 -10 -20 0 -10 -20 5 -10 20 5 -10
 4 16 20 44 -10 -20 44 -10 -20 48 -10 20 48 -10
 4 16 20 0 10 -20 0 10 -20 5 10 20 5 10
 4 16 20 44 10 -20 44 10 -20 48 10 20 48 10
0 Inlined:  1 16 0 4 0 1.7 0 0 0 1.8 0 0 0 1 shl.dat
0 Shell Logo Bitmap
0 Author: Jonathan Wilson
 
4 14 0 39.586 -10 1.003 39.1 -10 1.479 38.578 -10  0 23.872 -10
4 14 0 39.586 -10 -1.003 39.1 -10 -1.479 38.578 -10  0 23.872 -10
4 14 1.479 38.578 -10 8.976 38.038 -10 10.081 32.26 -10  8.84 29.002 -10
4 14 -1.479 38.578 -10 -8.976 38.038 -10 -10.081 32.26 -10  -8.84 29.002 -10
4 14 1.479 38.578 -10 8.84 29.002 -10 6.613 26.446 -10  3.621 24.358 -10
4 14 -1.479 38.578 -10 -8.84 29.002 -10 -6.613 26.446 -10  -3.621 24.358 -10
3 14 1.479 38.578 -10 3.621 24.358 -10 0 23.872 -10 
3 14 -1.479 38.578 -10 -3.621 24.358 -10 0 23.872 -10 
4 14 10.081 32.26 -10 16.184 26.968 -10 15.691 23.224 -10  8.84 29.002 -10
4 14 -10.081 32.26 -10 -16.184 26.968 -10 -15.691 23.224 -10  -8.84 29.002 -10
4 14 8.84 29.002 -10 15.079 19.984 -10 13.073 16.762 -10  6.613 26.446 -10
4 14 -8.84 29.002 -10 -15.079 19.984 -10 -13.073 16.762 -10  -6.613 26.446 -10
4 14 6.613 26.446 -10 11.203 14.296 -10 7.973 11.74 -10  3.621 24.358 -10
4 14 -6.613 26.446 -10 -11.203 14.296 -10 -7.973 11.74 -10  -3.621 24.358 -10
4 14 3.621 24.358 -10 5.61 10.444 -10 1.258 9.436 -10  0 23.872 -10
4 14 -3.621 24.358 -10 -5.61 10.444 -10 -1.258 9.436 -10  0 23.872 -10
4 4 0 39.586 -10 1.003 39.1 -10 0.629 43.222 -10  0 43.6 -10
4 4 0 39.586 -10 -1.003 39.1 -10 -0.629 43.222 -10  0 43.6 -10
4 4 1.003 39.1 -10 1.479 38.578 -10 1.377 42.43 -10  0.629 43.222 -10
4 4 -1.003 39.1 -10 -1.479 38.578 -10 -1.377 42.43 -10  -0.629 43.222 -10
4 4 1.479 38.578 -10 8.976 38.038 -10 12.563 42.322 -10  1.377 42.43 -10
4 4 -1.479 38.578 -10 -8.976 38.038 -10 -12.563 42.322 -10  -1.377 42.43 -10
4 4 1.479 38.578 -10 10.081 32.26 -10 13.566 34.834 -10  12.563 42.322 -10
4 4 -1.479 38.578 -10 -10.081 32.26 -10 -13.566 34.834 -10  -12.563 42.322 -10
4 4 10.081 32.26 -10 16.184 26.968 -10 19.55 29.002 -10  13.566 34.834 -10
4 4 -10.081 32.26 -10 -16.184 26.968 -10 -19.55 29.002 -10  -13.566 34.834 -10
4 4 16.184 26.968 -10 15.691 23.224 -10 19.057 21.028 -10  19.55 29.002 -10
4 4 -16.184 26.968 -10 -15.691 23.224 -10 -19.057 21.028 -10  -19.55 29.002 -10
3 4 15.691 23.224 -10 8.84 29.002 -10 15.079 19.984 -10 
3 4 -15.691 23.224 -10 -8.84 29.002 -10 -15.079 19.984 -10 
4 4 15.691 23.224 -10 15.079 19.984 -10 16.184 14.566 -10  19.057 21.028 -10
4 4 -15.691 23.224 -10 -15.079 19.984 -10 -16.184 14.566 -10  -19.057 21.028 -10
3 4 15.079 19.984 -10 13.073 16.762 -10 16.184 14.566 -10 
3 4 -15.079 19.984 -10 -13.073 16.762 -10 -16.184 14.566 -10 
3 4 13.073 16.762 -10 6.613 26.446 -10 11.203 14.296 -10 
3 4 -13.073 16.762 -10 -6.613 26.446 -10 -11.203 14.296 -10 
4 4 13.073 16.762 -10 11.203 14.296 -10 11.339 8.374 -10  16.184 14.566 -10
4 4 -13.073 16.762 -10 -11.203 14.296 -10 -11.339 8.374 -10  -16.184 14.566 -10
3 4 11.203 14.296 -10 7.973 11.74 -10 11.339 8.374 -10 
3 4 -11.203 14.296 -10 -7.973 11.74 -10 -11.339 8.374 -10 
3 4 7.973 11.74 -10 3.621 24.358 -10 5.61 10.444 -10 
3 4 -7.973 11.74 -10 -3.621 24.358 -10 -5.61 10.444 -10 
3 4 7.973 11.74 -10 5.61 10.444 -10 11.339 8.374 -10 
3 4 -7.973 11.74 -10 -5.61 10.444 -10 -11.339 8.374 -10 
4 4 5.61 10.444 -10 1.258 9.436 -10 0 5.8 -10  11.339 8.374 -10
4 4 -5.61 10.444 -10 -1.258 9.436 -10 0 5.8 -10  -11.339 8.374 -10
3 4 1.258 9.436 -10 0 23.872 -10 0 5.8 -10 
3 4 -1.258 9.436 -10 0 23.872 -10 0 5.8 -10 
2 4 0 23.872 -10 0 5.8 -10
2 4 0 23.872 -10 0 5.8 -10
2 4 8.84 29.002 -10 15.368 21.784 -10
2 4 -8.84 29.002 -10 -15.368 21.784 -10
2 4 6.613 26.446 -10 12.75 15.592 -10
2 4 -6.613 26.446 -10 -12.75 15.592 -10
2 4 3.621 24.358 -10 6.732 11.092 -10
2 4 -3.621 24.358 -10 -6.732 11.092 -10
3 16 19.55 43.6 -10 0.629 43.222 -10 0.629 43.222 -10 
3 16 -19.55 43.6 -10 -0.629 43.222 -10 -0.629 43.222 -10 
4 16 19.55 43.6 -10 12.563 42.322 -10 1.377 42.43 -10  0.629 43.222 -10
4 16 -19.55 43.6 -10 -12.563 42.322 -10 -1.377 42.43 -10  -0.629 43.222 -10
4 16 19.55 43.6 -10 19.55 29.002 -10 13.566 34.834 -10  12.563 42.322 -10
4 16 -19.55 43.6 -10 -19.55 29.002 -10 -13.566 34.834 -10  -12.563 42.322 -10
3 16 19.55 5.8 -10 19.057 21.028 -10 19.55 29.002 -10 
3 16 -19.55 5.8 -10 -19.057 21.028 -10 -19.55 29.002 -10 
3 16 19.55 5.8 -10 16.184 14.566 -10 19.057 21.028 -10 
3 16 -19.55 5.8 -10 -16.184 14.566 -10 -19.057 21.028 -10 
3 16 19.55 5.8 -10 11.339 8.374 -10 16.184 14.566 -10 
3 16 -19.55 5.8 -10 -11.339 8.374 -10 -16.184 14.566 -10 
3 16 19.55 5.8 -10 0 5.8 -10 11.339 8.374 -10 
3 16 -19.55 5.8 -10 0 5.8 -10 -11.339 8.374 -10 
 
0 Inlining done.
0 Inlined:  1 16 0 4 0 -1.7 0 0 0 1.8 0 0 0 -1 shl.dat
0 Shell Logo Bitmap
0 Author: Jonathan Wilson
 
4 14 0 39.586 10 -1.003 39.1 10 -1.479 38.578 10  0 23.872 10
4 14 0 39.586 10 1.003 39.1 10 1.479 38.578 10  0 23.872 10
4 14 -1.479 38.578 10 -8.976 38.038 10 -10.081 32.26 10  -8.84 29.002 10
4 14 1.479 38.578 10 8.976 38.038 10 10.081 32.26 10  8.84 29.002 10
4 14 -1.479 38.578 10 -8.84 29.002 10 -6.613 26.446 10  -3.621 24.358 10
4 14 1.479 38.578 10 8.84 29.002 10 6.613 26.446 10  3.621 24.358 10
3 14 -1.479 38.578 10 -3.621 24.358 10 0 23.872 10 
3 14 1.479 38.578 10 3.621 24.358 10 0 23.872 10 
4 14 -10.081 32.26 10 -16.184 26.968 10 -15.691 23.224 10  -8.84 29.002 10
4 14 10.081 32.26 10 16.184 26.968 10 15.691 23.224 10  8.84 29.002 10
4 14 -8.84 29.002 10 -15.079 19.984 10 -13.073 16.762 10  -6.613 26.446 10
4 14 8.84 29.002 10 15.079 19.984 10 13.073 16.762 10  6.613 26.446 10
4 14 -6.613 26.446 10 -11.203 14.296 10 -7.973 11.74 10  -3.621 24.358 10
4 14 6.613 26.446 10 11.203 14.296 10 7.973 11.74 10  3.621 24.358 10
4 14 -3.621 24.358 10 -5.61 10.444 10 -1.258 9.436 10  0 23.872 10
4 14 3.621 24.358 10 5.61 10.444 10 1.258 9.436 10  0 23.872 10
4 4 0 39.586 10 -1.003 39.1 10 -0.629 43.222 10  0 43.6 10
4 4 0 39.586 10 1.003 39.1 10 0.629 43.222 10  0 43.6 10
4 4 -1.003 39.1 10 -1.479 38.578 10 -1.377 42.43 10  -0.629 43.222 10
4 4 1.003 39.1 10 1.479 38.578 10 1.377 42.43 10  0.629 43.222 10
4 4 -1.479 38.578 10 -8.976 38.038 10 -12.563 42.322 10  -1.377 42.43 10
4 4 1.479 38.578 10 8.976 38.038 10 12.563 42.322 10  1.377 42.43 10
4 4 -1.479 38.578 10 -10.081 32.26 10 -13.566 34.834 10  -12.563 42.322 10
4 4 1.479 38.578 10 10.081 32.26 10 13.566 34.834 10  12.563 42.322 10
4 4 -10.081 32.26 10 -16.184 26.968 10 -19.55 29.002 10  -13.566 34.834 10
4 4 10.081 32.26 10 16.184 26.968 10 19.55 29.002 10  13.566 34.834 10
4 4 -16.184 26.968 10 -15.691 23.224 10 -19.057 21.028 10  -19.55 29.002 10
4 4 16.184 26.968 10 15.691 23.224 10 19.057 21.028 10  19.55 29.002 10
3 4 -15.691 23.224 10 -8.84 29.002 10 -15.079 19.984 10 
3 4 15.691 23.224 10 8.84 29.002 10 15.079 19.984 10 
4 4 -15.691 23.224 10 -15.079 19.984 10 -16.184 14.566 10  -19.057 21.028 10
4 4 15.691 23.224 10 15.079 19.984 10 16.184 14.566 10  19.057 21.028 10
3 4 -15.079 19.984 10 -13.073 16.762 10 -16.184 14.566 10 
3 4 15.079 19.984 10 13.073 16.762 10 16.184 14.566 10 
3 4 -13.073 16.762 10 -6.613 26.446 10 -11.203 14.296 10 
3 4 13.073 16.762 10 6.613 26.446 10 11.203 14.296 10 
4 4 -13.073 16.762 10 -11.203 14.296 10 -11.339 8.374 10  -16.184 14.566 10
4 4 13.073 16.762 10 11.203 14.296 10 11.339 8.374 10  16.184 14.566 10
3 4 -11.203 14.296 10 -7.973 11.74 10 -11.339 8.374 10 
3 4 11.203 14.296 10 7.973 11.74 10 11.339 8.374 10 
3 4 -7.973 11.74 10 -3.621 24.358 10 -5.61 10.444 10 
3 4 7.973 11.74 10 3.621 24.358 10 5.61 10.444 10 
3 4 -7.973 11.74 10 -5.61 10.444 10 -11.339 8.374 10 
3 4 7.973 11.74 10 5.61 10.444 10 11.339 8.374 10 
4 4 -5.61 10.444 10 -1.258 9.436 10 0 5.8 10  -11.339 8.374 10
4 4 5.61 10.444 10 1.258 9.436 10 0 5.8 10  11.339 8.374 10
3 4 -1.258 9.436 10 0 23.872 10 0 5.8 10 
3 4 1.258 9.436 10 0 23.872 10 0 5.8 10 
2 4 0 23.872 10 0 5.8 10
2 4 0 23.872 10 0 5.8 10
2 4 -8.84 29.002 10 -15.368 21.784 10
2 4 8.84 29.002 10 15.368 21.784 10
2 4 -6.613 26.446 10 -12.75 15.592 10
2 4 6.613 26.446 10 12.75 15.592 10
2 4 -3.621 24.358 10 -6.732 11.092 10
2 4 3.621 24.358 10 6.732 11.092 10
3 16 -19.55 43.6 10 -0.629 43.222 10 -0.629 43.222 10 
3 16 19.55 43.6 10 0.629 43.222 10 0.629 43.222 10 
4 16 -19.55 43.6 10 -12.563 42.322 10 -1.377 42.43 10  -0.629 43.222 10
4 16 19.55 43.6 10 12.563 42.322 10 1.377 42.43 10  0.629 43.222 10
4 16 -19.55 43.6 10 -19.55 29.002 10 -13.566 34.834 10  -12.563 42.322 10
4 16 19.55 43.6 10 19.55 29.002 10 13.566 34.834 10  12.563 42.322 10
3 16 -19.55 5.8 10 -19.057 21.028 10 -19.55 29.002 10 
3 16 19.55 5.8 10 19.057 21.028 10 19.55 29.002 10 
3 16 -19.55 5.8 10 -16.184 14.566 10 -19.057 21.028 10 
3 16 19.55 5.8 10 16.184 14.566 10 19.057 21.028 10 
3 16 -19.55 5.8 10 -11.339 8.374 10 -16.184 14.566 10 
3 16 19.55 5.8 10 11.339 8.374 10 16.184 14.566 10 
3 16 -19.55 5.8 10 0 5.8 10 -11.339 8.374 10 
3 16 19.55 5.8 10 0 5.8 10 11.339 8.374 10 
 
0 Inlining done.
0
 
